image: lidar_2D_map_2_edited.pgm
resolution: 0.050000
origin: [-3.237111, -32.423067, 0.000000]
negate: 0
occupied_thresh: 0.65
free_thresh: 0.196

