image: os_corrected_1.pgm
resolution: 0.050000
origin: [-4.424802, -9.034230, 0.000000]
negate: 0
occupied_thresh: 0.65
free_thresh: 0.196

