image: today_ware_1_2.pgm
resolution: 0.050000
origin: [-2.260057, -9.955682, 0.000000]
negate: 0
occupied_thresh: 0.65
free_thresh: 0.196

