image: 3.png
resolution: 0.05
origin: [-99.000000, -98.750000, 0.000000]
negate: 0
occupied_thresh: 0.65
# free_thresh: 0.196
free_thresh: 0.1

