image: ceres_latest.pgm
resolution: 0.050000
origin: [-26.900089, 1.670471, 0.000000]
negate: 0
occupied_thresh: 0.65
free_thresh: 0.196