image: hyd_day_3_2.pgm
resolution: 0.050000
origin: [-11.089726, -4.510400, 0.000000]
negate: 0
occupied_thresh: 0.65
free_thresh: 0.196

