image: warehouse_3.pgm
resolution: 0.050000
origin: [-2.690658492258806, 27.20538536667055, -1.5]
negate: 0
occupied_thresh: 0.65
free_thresh: 0.196

